0 0.97321 0.15146 0.053571 0.085979
0 0.84573 0.27315 0.02877 0.035714
0 0.72024 0.29299 0.045635 0.059524
0 0.7753 0.37765 0.064484 0.062169
1 0.69742 0.63294 0.097222 0.20238
0 0.50546 0.53704 0.048611 0.055556
1 0.60764 0.40939 0.10615 0.15212
2 0.5754 0.26389 0.13889 0.12037
0 0.62054 0.17593 0.048611 0.066138
0 0.53423 0.22288 0.0625 0.035714
0 0.54266 0.1455 0.019841 0.026455
1 0.31647 0.37169 0.05754 0.10847
0 0.23462 0.4795 0.084325 0.09127
0 0.041171 0.51786 0.02877 0.046296
0 0.034226 0.17989 0.042659 0.039683
