0 0.15228 0.33862 0.074405 0.066138
0 0.23512 0.36111 0.035714 0.063492
0 0.28224 0.51124 0.046627 0.10185
2 0.29563 0.32143 0.097222 0.13492
0 0.20188 0.19378 0.1002 0.09127
0 0.34226 0.20172 0.069444 0.096561
1 0.39137 0.3168 0.02877 0.027778
0 0.44345 0.3373 0.047619 0.063492
0 0.50198 0.25265 0.047619 0.10317
0 0.46032 0.19577 0.025794 0.034392
0 0.56448 0.27712 0.021825 0.027778
1 0.73165 0.41667 0.092262 0.25926
0 0.64286 0.56217 0.06746 0.14021
0 0.79067 0.37566 0.063492 0.084656
0 0.5873 0.050926 0.061508 0.09127
0 0.062004 0.2123 0.02877 0.033069
0 0.020833 0.12897 0.041667 0.072751
0 0.050595 0.10053 0.02381 0.02381
