0 0.82887 0.4709 0.024802 0.029101
0 0.81349 0.54563 0.021825 0.033069
0 0.99008 0.10979 0.019841 0.029101
0 0.69444 0.37831 0.011905 0.026455
0 0.24206 0.44577 0.02381 0.031746
0 0.14187 0.44974 0.015873 0.021164
0 0.96528 0.49405 0.043651 0.041005
0 0.7371 0.55423 0.045635 0.058201
1 0.76438 0.35913 0.098214 0.11772
1 0.73611 0.27183 0.10317 0.080688
0 0.74802 0.2123 0.11508 0.085979
0 0.6994 0.1541 0.055556 0.070106
0 0.6131 0.41865 0.039683 0.046296
0 0.59821 0.53307 0.047619 0.031746
2 0.4752 0.51521 0.10317 0.17063
0 0.18254 0.30159 0.065476 0.066138
