0 0.1994 0.071429 0.025794 0.029101
0 0.71825 0.089286 0.011905 0.011905
0 0.85764 0.23611 0.024802 0.033069
1 0.67262 0.21825 0.089286 0.058201
1 0.70486 0.31812 0.11806 0.09127
0 0.66964 0.3631 0.035714 0.035714
0 0.69891 0.40146 0.03869 0.043651
0 0.59524 0.31217 0.09127 0.074074
2 0.63542 0.48214 0.078373 0.10979
0 0.56796 0.43386 0.036706 0.047619
0 0.33532 0.26653 0.031746 0.03836
2 0.19048 0.34392 0.12698 0.1164
0 0.13194 0.33135 0.045635 0.048942
0 0.20337 0.12368 0.0099206 0.027778
0 0.033234 0.31548 0.022817 0.033069
