0 0.55556 0.049603 0.013889 0.027778
0 0.78075 0.10251 0.049603 0.064815
0 0.73165 0.11706 0.052579 0.048942
1 0.82292 0.058201 0.052579 0.047619
0 0.66518 0.059524 0.036706 0.044974
0 0.7128 0.16138 0.068452 0.044974
0 0.63145 0.17063 0.03869 0.026455
0 0.64038 0.28042 0.046627 0.060847
0 0.56399 0.26786 0.030754 0.035714
1 0.26637 0.019841 0.014881 0.015873
2 0.39286 0.44511 0.12698 0.18122
0 0.438 0.60516 0.060516 0.11243
1 0.34226 0.63029 0.10516 0.19709
0 0.24008 0.31614 0.047619 0.050265
0 0.14335 0.19048 0.040675 0.060847
0 0.048115 0.17196 0.09623 0.11905
