1 0.88294 0.47751 0.14484 0.14815
2 0.76935 0.35648 0.1498 0.19444
0 0.46825 0.11376 0.013889 0.026455
0 0.86706 0.09127 0.025794 0.037037
0 0.78175 0.64484 0.045635 0.059524
0 0.74405 0.57077 0.031746 0.043651
0 0.70288 0.6369 0.0625 0.10714
0 0.66617 0.55159 0.024802 0.031746
0 0.62847 0.49339 0.042659 0.066138
2 0.55704 0.38095 0.12599 0.15079
1 0.60565 0.013889 0.048611 0.027778
0 0.50694 0.26323 0.021825 0.031746
2 0.37252 0.38823 0.10218 0.11243
0 0.26736 0.4127 0.1002 0.12169
0 0.30754 0.32011 0.059524 0.082011
0 0.20734 0.2381 0.021825 0.029101
0 0.016369 0.12103 0.032738 0.088624
0 0.03621 0.76455 0.072421 0.13757
