0 0.2004 0.72685 0.037698 0.03836
0 0.26091 0.62632 0.081349 0.15212
0 0.29266 0.70899 0.05754 0.082011
2 0.37153 0.72619 0.10813 0.20635
2 0.48016 0.70767 0.10516 0.16138
0 0.66667 0.64087 0.019841 0.025132
0 0.7381 0.5582 0.061508 0.082011
0 0.87153 0.45966 0.048611 0.072751
0 0.99603 0.37632 0.0079365 0.035714
2 0.6875 0.33796 0.11508 0.14418
0 0.688 0.1918 0.016865 0.018519
0 0.66022 0.12963 0.042659 0.031746
0 0.47421 0.12632 0.097222 0.085979
1 0.47321 0.058201 0.061508 0.089947
0 0.2495 0.0099206 0.040675 0.019841
0 0.1374 0.31085 0.020833 0.021164
0 0.037202 0.16005 0.020833 0.029101
0 0.017857 0.49272 0.035714 0.093915
0 0.014385 0.43188 0.0089286 0.022487
