2 0.51786 0.61111 0.12302 0.25132
0 0.8755 0.26323 0.088294 0.10847
0 0.25347 0.34061 0.092262 0.1045
2 0.37698 0.5377 0.13492 0.26587
0 0.022321 0.67328 0.044643 0.20635
0 0.10714 0.36971 0.047619 0.054233
0 0.1369 0.2123 0.14881 0.11772
0 0.97817 0.12698 0.043651 0.066138
0 0.72669 0.092593 0.046627 0.05291
0 0.73065 0.19643 0.12798 0.12831
0 0.65774 0.11045 0.021825 0.019841
0 0.68452 0.064815 0.041667 0.044974
1 0.41121 0.032407 0.068452 0.064815
0 0.187 0.089286 0.050595 0.062169
0 0.074901 0.07209 0.094246 0.088624
0 0.018353 0.01455 0.036706 0.029101
