0 0.88839 0.71627 0.050595 0.083333
0 0.83631 0.80952 0.045635 0.089947
0 0.93651 0.50794 0.027778 0.037037
0 0.8621 0.50198 0.049603 0.080688
0 0.7619 0.57275 0.063492 0.10582
2 0.76389 0.56415 0.081349 0.14683
1 0.68006 0.53968 0.090278 0.1746
0 0.96329 0.074735 0.073413 0.062169
0 0.65228 0.36376 0.060516 0.10582
0 0.73264 0.17196 0.036706 0.042328
2 0.6627 0.24206 0.093254 0.13757
0 0.45685 0.40344 0.046627 0.060847
0 0.37302 0.58862 0.075397 0.15079
1 0.31944 0.53108 0.087302 0.16799
0 0.22966 0.40939 0.032738 0.027778
0 0.11161 0.61971 0.060516 0.06746
0 0.097718 0.54365 0.050595 0.050265
