0 0.97569 0.46892 0.042659 0.054233
0 0.66468 0.33664 0.045635 0.048942
2 0.68155 0.22884 0.11905 0.087302
0 0.72073 0.19511 0.018849 0.017196
0 0.68849 0.15079 0.043651 0.063492
0 0.55754 0.47817 0.069444 0.11772
0 0.52728 0.23148 0.024802 0.034392
0 0.48264 0.11243 0.016865 0.029101
1 0.36409 0.38558 0.065476 0.10185
0 0.26637 0.34656 0.046627 0.050265
0 0.24107 0.14021 0.019841 0.026455
0 0.20933 0.13095 0.051587 0.037037
0 0.23958 0.083333 0.034722 0.034392
0 0.14683 0.040344 0.017857 0.025132
0 0.063988 0.18783 0.036706 0.044974
