0 0.81796 0.33929 0.020833 0.022487
0 0.6999 0.30423 0.034722 0.047619
0 0.8631 0.09127 0.075397 0.060847
1 0.7128 0.14616 0.066468 0.080688
0 0.67063 0.1131 0.039683 0.041005
0 0.62351 0.28968 0.024802 0.034392
0 0.63641 0.41138 0.052579 0.074074
0 0.52629 0.095899 0.020833 0.046296
0 0.43601 0.27513 0.056548 0.082011
0 0.46528 0.33598 0.055556 0.07672
0 0.38591 0.3631 0.027778 0.035714
2 0.45089 0.45767 0.090278 0.16402
0 0.1756 0.085317 0.05754 0.056878
0 0.18155 0.12632 0.049603 0.043651
0 0.23413 0.125 0.043651 0.033069
1 0.21925 0.17262 0.099206 0.096561
0 0.11607 0.29431 0.081349 0.093915
0 0.068948 0.36772 0.030754 0.039683
