0 0.97768 0.029101 0.044643 0.058201
1 0.98611 0.11772 0.027778 0.097884
0 0.87847 0.060185 0.088294 0.093915
0 0.77629 0.040344 0.020833 0.027778
0 0.84226 0.15939 0.035714 0.035714
0 0.76984 0.32804 0.087302 0.10582
0 0.71528 0.30754 0.055556 0.064815
0 0.65972 0.38624 0.073413 0.11905
2 0.58085 0.42526 0.090278 0.15476
0 0.54315 0.34524 0.02877 0.042328
0 0.47817 0.37963 0.041667 0.066138
0 0.40873 0.26587 0.045635 0.068783
0 0.1245 0.035714 0.066468 0.071429
0 0.077381 0.091931 0.025794 0.046296
