0 0.58681 0.016534 0.0089286 0.027778
1 0.3001 0.64286 0.074405 0.17196
0 0.25645 0.071429 0.082341 0.058201
0 0.21379 0.12302 0.080357 0.079365
2 0.1369 0.12103 0.10317 0.16534
0 0.019841 0.15873 0.039683 0.050265
0 0.0059524 0.41402 0.011905 0.050265
0 0.22173 0.59193 0.082341 0.12831
1 0.40079 0.60119 0.10119 0.19444
0 0.32341 0.62765 0.055556 0.10185
0 0.36954 0.57606 0.022817 0.030423
0 0.4752 0.58862 0.043651 0.063492
0 0.50595 0.55291 0.013889 0.018519
0 0.41915 0.42063 0.060516 0.11111
1 0.47669 0.29762 0.12401 0.19577
0 0.73065 0.10251 0.092262 0.085979
0 0.72073 0.18783 0.11806 0.10317
0 0.6994 0.25926 0.029762 0.039683
0 0.99206 0.22024 0.015873 0.059524
0 0.72867 0.025132 0.032738 0.042328
