0 0.20784 0.0079365 0.016865 0.015873
0 0.21776 0.024471 0.012897 0.019841
0 0.30704 0.019841 0.014881 0.026455
0 0.3254 0.022487 0.0099206 0.015873
0 0.91667 0.44048 0.041667 0.055556
0 0.53472 0.12368 0.017857 0.035714
1 0.46726 0.49008 0.065476 0.1045
0 0.55456 0.53373 0.061508 0.1045
0 0.62946 0.55688 0.022817 0.063492
0 0.68006 0.2963 0.026786 0.044974
0 0.71478 0.55159 0.040675 0.05291
0 0.77927 0.46958 0.02877 0.031746
0 0.9499 0.53902 0.078373 0.12831
0 0.98165 0.60913 0.034722 0.075397
