0 0.92708 0.046296 0.02877 0.031746
0 0.39137 0.077381 0.048611 0.054233
0 0.23313 0.043651 0.011905 0.010582
0 0.16915 0.18783 0.052579 0.05291
0 0.0064484 0.49735 0.010913 0.026455
0 0.089286 0.22553 0.061508 0.070106
1 0.17163 0.12169 0.093254 0.055556
0 0.21032 0.10119 0.069444 0.085979
0 0.27183 0.099868 0.049603 0.059524
1 0.37897 0.53439 0.083333 0.15608
0 0.41319 0.6164 0.034722 0.047619
1 0.44345 0.40873 0.10317 0.16931
0 0.50794 0.375 0.029762 0.041005
1 0.54415 0.38955 0.060516 0.1045
0 0.61756 0.38558 0.072421 0.10714
0 0.67113 0.47421 0.044643 0.059524
1 0.70139 0.24537 0.097222 0.10979
0 0.73165 0.10582 0.054563 0.071429
0 0.85317 0.2004 0.02381 0.027778
0 0.86607 0.33466 0.025794 0.042328
