0 0.98165 0.2963 0.012897 0.015873
0 0.125 0.19114 0.021825 0.027778
0 0.037698 0.044974 0.015873 0.029101
0 0.2004 0.1713 0.075397 0.064815
0 0.13244 0.33532 0.010913 0.019841
0 0.31746 0.26323 0.029762 0.039683
0 0.24851 0.40939 0.026786 0.043651
1 0.31002 0.5086 0.11409 0.18915
1 0.48611 0.4213 0.12698 0.22354
0 0.60764 0.49008 0.026786 0.035714
0 0.66518 0.41799 0.11012 0.16402
0 0.68056 0.14815 0.035714 0.050265
0 0.70387 0.14153 0.02877 0.029101
0 0.73413 0.1746 0.035714 0.050265
0 0.70982 0.18717 0.056548 0.059524
0 0.82589 0.14352 0.08631 0.062169
