0 0.043651 0.24537 0.049603 0.054233
0 0.028274 0.32077 0.032738 0.043651
1 0.36062 0.3869 0.088294 0.14418
0 0.31498 0.31217 0.044643 0.05291
0 0.40625 0.4504 0.032738 0.051587
0 0.45833 0.42196 0.071429 0.14286
0 0.50496 0.42262 0.039683 0.062169
0 0.55456 0.35251 0.06746 0.096561
0 0.41815 0.17262 0.032738 0.056878
0 0.61062 0.15146 0.060516 0.070106
0 0.7381 0.22487 0.075397 0.063492
0 0.79216 0.084656 0.0089286 0.018519
0 0.99157 0.074735 0.016865 0.043651
1 0.84325 0.027116 0.079365 0.054233
