2 0.44196 0.54696 0.12202 0.17593
0 0.49256 0.65146 0.092262 0.14418
2 0.88294 0.60913 0.15476 0.26323
0 0.67312 0.69246 0.12599 0.21296
2 0.60466 0.49537 0.13393 0.20767
0 0.58284 0.6627 0.092262 0.13228
2 0.74058 0.59722 0.068452 0.12566
0 0.77034 0.52183 0.036706 0.033069
0 0.64335 0.49802 0.03869 0.051587
0 0.73909 0.28836 0.051587 0.071429
0 0.98165 0.36376 0.036706 0.12963
0 0.82837 0.033069 0.031746 0.042328
0 0.26736 0.36376 0.092262 0.14021
1 0.3249 0.18849 0.070437 0.19444
0 0.25 0.18981 0.055556 0.096561
0 0.30754 0.035053 0.029762 0.043651
0 0.029762 0.021825 0.055556 0.043651
