1 0.89831 0.16336 0.088294 0.11508
0 0.87252 0.066799 0.08631 0.083333
0 0.77183 0.099868 0.087302 0.09127
0 0.67907 0.077381 0.016865 0.027778
0 0.70734 0.021825 0.03373 0.043651
0 0.71875 0.21098 0.032738 0.035714
0 0.64137 0.37434 0.078373 0.10053
0 0.58631 0.35648 0.051587 0.06746
0 0.53819 0.42659 0.070437 0.11243
2 0.45933 0.44974 0.089286 0.1746
0 0.41567 0.3955 0.027778 0.039683
0 0.35417 0.41733 0.031746 0.064815
0 0.29167 0.31746 0.039683 0.063492
0 0.22173 0.068122 0.018849 0.03836
0 0.047619 0.068122 0.06746 0.083333
0 0.0064484 0.1369 0.012897 0.043651
