0 0.56746 0.58466 0.081349 0.16138
0 0.68254 0.53108 0.069444 0.080688
0 0.57738 0.43122 0.071429 0.11111
0 0.43353 0.59788 0.045635 0.082011
0 0.23413 0.59127 0.039683 0.063492
0 0.19345 0.36772 0.087302 0.084656
0 0.12698 0.36111 0.035714 0.037037
0 0.27927 0.25728 0.032738 0.043651
0 0.018849 0.25066 0.027778 0.03836
0 0.014385 0.20304 0.02877 0.033069
0 0.14831 0.18056 0.02877 0.035714
0 0.029266 0.14087 0.058532 0.072751
0 0.014385 0.11045 0.022817 0.025132
0 0.60268 0.21495 0.060516 0.059524
0 0.75496 0.30026 0.03373 0.039683
0 0.72718 0.22817 0.043651 0.064815
