0 0.10466 0.41799 0.048611 0.082011
0 0.098214 0.3082 0.037698 0.047619
0 0.13591 0.17923 0.019841 0.019841
0 0.06498 0.062831 0.032738 0.03836
0 0.2753 0.20767 0.026786 0.037037
0 0.24058 0.13095 0.026786 0.037037
0 0.23016 0.056217 0.021825 0.03836
0 0.36161 0.39815 0.084325 0.15079
0 0.41171 0.49074 0.049603 0.10053
1 0.48115 0.46958 0.087302 0.16931
1 0.57986 0.54696 0.082341 0.16799
0 0.75843 0.41997 0.044643 0.054233
0 0.80952 0.3287 0.045635 0.041005
1 0.84127 0.55159 0.02381 0.010582
0 0.97222 0.46561 0.055556 0.14286
0 0.99504 0.54034 0.0099206 0.062169
