1 0.61508 0.68188 0.10516 0.19444
0 0.65079 0.54497 0.099206 0.10847
0 0.74554 0.42063 0.048611 0.037037
0 0.81746 0.36772 0.039683 0.05291
0 0.71379 0.32606 0.018849 0.017196
0 0.72867 0.22024 0.058532 0.078042
0 0.45139 0.56151 0.037698 0.059524
0 0.37649 0.098545 0.018849 0.019841
0 0.21379 0.37632 0.022817 0.030423
0 0.21429 0.24339 0.021825 0.02381
0 0.13839 0.30688 0.048611 0.034392
0 0.1379 0.17328 0.037698 0.031746
0 0.11558 0.16733 0.03869 0.022487
0 0.017361 0.13029 0.030754 0.027778
0 0.021329 0.10251 0.032738 0.046296
