0 0.6379 0.49074 0.081349 0.10847
1 0.55357 0.51521 0.087302 0.15741
0 0.43948 0.47553 0.051587 0.09127
0 0.49752 0.53902 0.032738 0.051587
0 0.65526 0.36839 0.020833 0.033069
0 0.54464 0.3287 0.02381 0.033069
0 0.38492 0.50794 0.025794 0.031746
0 0.16667 0.096561 0.027778 0.039683
0 0.69792 0.21296 0.040675 0.042328
0 0.95387 0.26124 0.026786 0.033069
0 0.813 0.17857 0.048611 0.050265
0 0.75496 0.14087 0.019841 0.027778
0 0.98264 0.073413 0.034722 0.035714
0 0.66567 0.017196 0.047619 0.034392
0 0.22421 0.20767 0.031746 0.037037
0 0.1627 0.20503 0.011905 0.029101
0 0.15575 0.25331 0.055556 0.048942
0 0.12798 0.32606 0.02381 0.025132
0 0.06498 0.3664 0.0049603 0.010582
0 0.030258 0.47751 0.032738 0.029101
0 0.0039683 0.4246 0.0079365 0.026455
