1 0.62847 0.42593 0.1121 0.16931
0 0.5372 0.39418 0.078373 0.1164
0 0.6131 0.32738 0.03373 0.048942
0 0.94345 0.29365 0.051587 0.058201
0 0.83135 0.19246 0.017857 0.025132
0 0.74851 0.13029 0.020833 0.011905
0 0.80605 0.1078 0.056548 0.056878
0 0.79266 0.060185 0.075397 0.048942
0 0.86508 0.012566 0.021825 0.025132
0 0.37103 0.24735 0.019841 0.029101
0 0.15724 0.35847 0.030754 0.034392
0 0.25198 0.32209 0.015873 0.041005
0 0.15823 0.27646 0.022817 0.031746
0 0.21081 0.21627 0.090278 0.070106
0 0.22421 0.1746 0.027778 0.026455
0 0.18006 0.06746 0.012897 0.015873
0 0.15228 0.044974 0.046627 0.050265
0 0.0024802 0.4537 0.0049603 0.055556
