0 0.73313 0.47685 0.077381 0.13095
0 0.77927 0.27579 0.12004 0.11508
2 0.53522 0.43519 0.12004 0.16138
2 0.42808 0.37302 0.11806 0.20106
0 0.24306 0.50529 0.029762 0.026455
0 0.28125 0.28241 0.094246 0.093915
0 0.92163 0.051587 0.055556 0.066138
0 0.85615 0.083995 0.029762 0.041005
0 0.95982 0.070106 0.020833 0.029101
0 0.91518 0.070767 0.018849 0.027778
0 0.1503 0.34458 0.036706 0.048942
0 0.17708 0.30688 0.014881 0.02381
0 0.25546 0.077381 0.030754 0.075397
0 0.21726 0.09127 0.031746 0.034392
0 0.12054 0.12566 0.030754 0.026455
