0 0.15575 0.45966 0.11905 0.15212
2 0.24603 0.45899 0.05754 0.15079
2 0.27083 0.30225 0.10516 0.16005
1 0.31944 0.45106 0.13492 0.2037
2 0.43254 0.43651 0.097222 0.2328
0 0.48165 0.42923 0.098214 0.17328
1 0.53522 0.31151 0.076389 0.14947
0 0.3497 0.50198 0.036706 0.035714
0 0.52083 0.60185 0.037698 0.05291
0 0.32391 0.3254 0.042659 0.050265
0 0.16022 0.34987 0.076389 0.083333
0 0.23115 0.23148 0.031746 0.034392
0 0.42014 0.064815 0.02877 0.034392
0 0.096726 0.039683 0.022817 0.026455
0 0.83581 0.23347 0.10417 0.16534
