1 0.45337 0.70503 0.10516 0.20899
0 0.5119 0.59921 0.087302 0.10317
1 0.061508 0.081349 0.03373 0.025132
0 0.41865 0.51521 0.047619 0.070106
0 0.52183 0.51257 0.071429 0.10714
0 0.49702 0.40344 0.089286 0.13492
1 0.69196 0.58333 0.12202 0.21429
0 0.6622 0.5787 0.050595 0.10185
0 0.72569 0.34656 0.02877 0.042328
2 0.63542 0.10714 0.1002 0.095238
0 0.18403 0.48876 0.03869 0.048942
0 0.14583 0.34854 0.017857 0.01455
0 0.27629 0.40278 0.022817 0.027778
0 0.53869 0.22487 0.02381 0.039683
1 0.67163 0.087963 0.021825 0.030423
