2 0.99554 0.46098 0.0089286 0.059524
0 0.89137 0.69048 0.052579 0.071429
2 0.82788 0.55952 0.080357 0.13492
0 0.75 0.59854 0.10317 0.16799
0 0.85615 0.33201 0.059524 0.074074
0 0.78026 0.36508 0.03869 0.05291
0 0.69792 0.4127 0.040675 0.05291
2 0.67163 0.47354 0.09127 0.20635
0 0.60218 0.50066 0.063492 0.10185
2 0.55903 0.55556 0.078373 0.12698
0 0.45734 0.42725 0.029762 0.042328
2 0.48115 0.27712 0.097222 0.10185
0 0.47123 0.30489 0.03373 0.041005
2 0.34226 0.40344 0.10317 0.13492
0 0.29415 0.033069 0.016865 0.018519
