0 0.88294 0.2705 0.037698 0.035714
1 0.78423 0.21759 0.082341 0.10979
0 0.72272 0.040344 0.056548 0.059524
0 0.74008 0.10185 0.061508 0.084656
0 0.65278 0.1541 0.035714 0.075397
0 0.69345 0.37368 0.05754 0.062169
1 0.57093 0.51786 0.072421 0.12037
0 0.51091 0.40608 0.015873 0.021164
0 0.49405 0.46825 0.075397 0.11905
0 0.47073 0.53241 0.036706 0.051587
1 0.59077 0.060185 0.036706 0.033069
0 0.26687 0.44577 0.069444 0.079365
0 0.16369 0.20238 0.085317 0.092593
0 0.054563 0.069444 0.035714 0.027778
0 0.11359 0.013228 0.054563 0.026455
0 0.68502 0.16336 0.0089286 0.0066138
