0 0.84524 0.37368 0.13492 0.12566
0 0.94395 0.22222 0.020833 0.026455
0 0.87153 0.085979 0.010913 0.015873
0 0.81101 0.094577 0.030754 0.035714
0 0.96329 0.058862 0.031746 0.033069
2 0.52827 0.40873 0.14583 0.18783
1 0.4003 0.44643 0.10813 0.17063
0 0.40625 0.3168 0.040675 0.059524
0 0.37946 0.2586 0.048611 0.059524
0 0.21925 0.41733 0.039683 0.030423
0 0.097718 0.3664 0.052579 0.063492
0 0.17163 0.19775 0.0079365 0.019841
0 0.15327 0.079365 0.018849 0.034392
0 0.017361 0.16005 0.012897 0.010582
1 0.82738 0.011243 0.063492 0.019841
