0 0.69345 0.016534 0.031746 0.033069
0 0.70635 0.11508 0.035714 0.042328
0 0.96478 0.40344 0.070437 0.18783
0 0.93304 0.071429 0.044643 0.060847
0 0.95933 0.023148 0.063492 0.046296
0 0.85714 0.5873 0.063492 0.089947
0 0.77381 0.6131 0.065476 0.10185
1 0.67312 0.65146 0.10218 0.17328
0 0.54415 0.64815 0.0625 0.10053
0 0.72718 0.36839 0.027778 0.043651
1 0.44841 0.69312 0.12698 0.2037
0 0.44593 0.54167 0.094246 0.17857
2 0.40228 0.35648 0.12996 0.20767
0 0.31696 0.63228 0.10813 0.16402
0 0.34177 0.52513 0.03869 0.066138
0 0.27976 0.46693 0.053571 0.079365
0 0.29167 0.35119 0.0079365 0.025132
2 0.17708 0.17791 0.10417 0.18651
0 0.12302 0.082011 0.029762 0.037037
2 0.013889 0.55622 0.025794 0.1045
