0 0.65526 0.52712 0.090278 0.14418
0 0.9251 0.22553 0.078373 0.070106
0 0.76885 0.10317 0.059524 0.026455
0 0.80556 0.21495 0.015873 0.019841
0 0.68552 0.11508 0.025794 0.039683
0 0.88194 0.058201 0.017857 0.015873
0 0.89038 0.072751 0.022817 0.029101
0 0.98512 0.069444 0.029762 0.054233
1 0.41022 0.41667 0.090278 0.18519
0 0.36458 0.31878 0.042659 0.05291
2 0.27381 0.043651 0.079365 0.084656
0 0.21478 0.054233 0.036706 0.021164
0 0.13591 0.039021 0.05754 0.043651
1 0.0074405 0.20767 0.014881 0.071429
