0 0.84524 0.45767 0.051587 0.063492
1 0.73462 0.26852 0.12996 0.16931
0 0.83829 0.28241 0.039683 0.056878
0 0.90774 0.1336 0.095238 0.12434
0 0.97917 0.09127 0.041667 0.12169
0 0.86508 0.051587 0.065476 0.055556
0 0.84623 0.01918 0.031746 0.03836
1 0.76687 0.020503 0.081349 0.041005
0 0.61012 0.2123 0.029762 0.03836
0 0.52282 0.45503 0.099206 0.18519
0 0.40179 0.39352 0.02381 0.056878
0 0.37847 0.3082 0.052579 0.10582
0 0.050595 0.08664 0.0099206 0.033069
0 0.15675 0.51852 0.035714 0.060847
0 0.043155 0.62368 0.030754 0.041005
0 0.045139 0.2996 0.036706 0.043651
