0 0.6875 0.31944 0.125 0.099206
1 0.5997 0.35913 0.13591 0.18915
0 0.57143 0.41799 0.053571 0.071429
2 0.51687 0.52183 0.10516 0.12831
0 0.47669 0.42262 0.048611 0.064815
0 0.42808 0.54299 0.094246 0.14947
0 0.34921 0.64683 0.085317 0.17725
1 0.20238 0.51389 0.1131 0.19709
0 0.41865 0.25926 0.041667 0.055556
0 0.70188 0.16865 0.052579 0.06746
0 0.74901 0.053571 0.021825 0.027778
0 0.63542 0.11376 0.026786 0.034392
0 0.56845 0.0026455 0.015873 0.005291
0 0.3998 0.092593 0.02381 0.044974
0 0.21627 0.092593 0.045635 0.068783
0 0.14583 0.14153 0.05754 0.068783
