0 0.95089 0.85251 0.098214 0.21296
0 0.52827 0.37632 0.11012 0.13624
2 0.53224 0.55556 0.1002 0.17196
0 0.46329 0.5119 0.049603 0.07672
1 0.4251 0.53968 0.076389 0.15344
2 0.32044 0.56415 0.12897 0.2209
2 0.26835 0.37632 0.18948 0.16534
0 0.095734 0.28505 0.11607 0.10714
0 0.70437 0.34722 0.049603 0.064815
0 0.78423 0.25926 0.040675 0.05291
0 0.51438 0.07672 0.030754 0.039683
0 0.27728 0.046958 0.030754 0.022487
0 0.29464 0.015212 0.013889 0.019841
0 0.10317 0.050265 0.079365 0.063492
0 0.14633 0.065476 0.034722 0.033069
