0 0.59325 0.41005 0.053571 0.060847
1 0.49355 0.51653 0.084325 0.13889
0 0.45188 0.58069 0.03869 0.047619
0 0.39187 0.49339 0.059524 0.089947
0 0.2619 0.43915 0.055556 0.07672
0 0.99405 0.5205 0.011905 0.06746
0 0.68948 0.15212 0.06746 0.12169
0 0.67063 0.25661 0.0079365 0.013228
0 0.60813 0.24206 0.013889 0.015873
0 0.4752 0.20437 0.011905 0.019841
1 0.13492 0.16336 0.069444 0.06746
1 0.11161 0.13558 0.022817 0.01455
0 0.09375 0.042989 0.0069444 0.0066138
0 0.037202 0.0046296 0.014881 0.0092593
0 0.11111 0.021164 0.011905 0.021164
0 0.092758 0.14683 0.034722 0.047619
